99 75 52 42 64 50 48 51 70 53 74 48
75 43 33 81 61 41 56 46 67 62 67 56
52 33 94 82 56 24 72 29 63 75 81 72
42 81 82 42 53 8 12 81 21 56 40 57
64 61 56 53 19 74 58 20 48 40 15 37
50 41 24 8 74 32 18 45 79 60 42 17
48 56 72 12 58 18 15 49 53 66 43 42
51 46 29 81 20 45 49 62 31 15 58 42
70 67 63 21 48 79 53 31 24 79 71 37
53 62 75 56 40 60 66 15 79 34 21 5
74 67 81 40 15 42 43 58 71 21 61 52
48 56 72 57 37 17 42 42 37 5 52 29
